heart_cond	CTRL	CTRL	CTRL	CTRL	CTRL	CTRL	CTRL	CTRL	CTRL	CTRL	CTRL	CTRL	HF	HF	HF	HF	HF	HF	HF	HF	HF	HF	HF
studyID	D2	D2	D2	D2	D2	D2	D2	D2	D2	D2	D2	D2	D2	D2	D2	D2	D2	D2	D2	D2	D2	D2	D2
sampleID	C10	C10	C11	C11	C14	C14	C15	C15	C16	C16	C18	C18	C19	C19	C20	C20	C21	C21	C22	C22	C23	C23	C24	C24	HF01	HF01	HF02	HF02	HF03	HF03	HF04	HF04	HF05	HF05	HF06	HF06	HF07	HF07	HF09	HF09	HF12	HF12	HF13	HF13	HF17	HF17
studyID	D2_SALIVA	D2_EBC	D2_EBC	D2_SALIVA	D2_SALIVA	D2_EBC	D2_SALIVA	D2_EBC	D2_SALIVA	D2_EBC	D2_SALIVA	D2_EBC	D2_SALIVA	D2_EBC	D2_SALIVA	D2_EBC	D2_SALIVA	D2_EBC	D2_SALIVA	D2_EBC	D2_SALIVA	D2_EBC	D2_EBC	D2_SALIVA	D2_SALIVA	D2_EBC	D2_SALIVA	D2_EBC	D2_SALIVA	D2_EBC	D2_SALIVA	D2_EBC	D2_SALIVA	D2_EBC	D2_SALIVA	D2_EBC	D2_SALIVA	D2_EBC	D2_EBC	D2_SALIVA	D2_EBC	D2_SALIVA	D2_SALIVA	D2_EBC	D2_EBC	D2_SALIVA
Methylamine	 6.9	 0.0	 0.0	23.9	 4.7	 0.0	 1.9	 0.0	 7.4	 0.0	 4.1	 0.0	 5.0	 0.0	 5.8	 0.0	 0.0	 0.0	 1.4	 0.0	 0.0	 0.0	 0.0	 9.1	10.5	 0.0	 7.7	 0.0	18.4	 0.0	 3.6	 0.0	 7.2	 0.0	 4.1	 0.0	17.6	 0.0	 0.0	 6.1	 0.0	 2.8	 2.5	 0.0	 0.0	 8.5
sn-Glycero-3-phosphocholine	 1.7	 0.0	 0.0	 1.7	 3.3	 0.0	 0.0	 0.0	16.0	 0.0	 3.9	 0.0	 0.0	 0.0	 2.8	 0.0	 0.0	 0.0	 3.6	 0.0	 3.9	 0.0	 0.0	 2.5	 0.6	 0.0	 3.3	 0.0	 0.0	 0.0	 8.3	 0.0	 1.9	 0.0	 3.9	 0.0	18.2	 0.0	 0.0	25.3	 0.0	 0.0	11.6	 0.0	 0.0	 0.0
Dimethylamine	 3.9	 0.0	 0.0	 4.1	 3.6	 0.0	 3.9	 0.0	 7.2	 0.0	 3.0	 0.0	 4.1	 0.0	 4.7	 0.0	 1.4	 0.0	 2.5	 0.0	 2.8	 0.0	 0.0	13.5	 3.9	 0.0	11.6	 0.0	10.7	 0.0	 8.5	 0.0	 9.4	 0.0	 3.6	 0.0	 7.4	 0.0	 0.0	32.7	 0.0	 1.9	12.4	 0.0	 0.0	14.6
Ethylene glycol	0.0	4.2	2.7	0.0	0.0	0.0	0.0	1.4	0.0	2.3	0.0	0.0	0.0	3.1	0.0	1.4	0.0	0.0	0.0	3.7	0.0	1.9	6.7	0.0	0.0	4.5	0.0	3.7	0.0	2.4	0.0	7.2	0.0	2.6	0.0	2.1	0.0	3.8	1.8	0.0	1.7	0.0	0.0	1.6	0.0	0.0
Choline	 6.9	 0.0	 0.0	 7.7	 3.3	 0.0	 2.5	 0.0	11.6	 0.0	 4.7	 0.0	 1.9	 0.0	 2.5	 0.0	 2.2	 0.0	 2.2	 0.0	 1.9	 0.0	 0.0	22.3	 7.4	 0.0	25.0	 0.0	 8.8	 0.0	 6.6	 0.0	 8.8	 0.0	 3.0	 0.0	14.3	 0.0	 0.0	11.8	 0.0	 4.1	 4.7	 0.0	 0.0	36.9
Methanol	 68.2	 20.2	 20.6	 59.4	 97.4	 20.1	 59.4	 20.9	 99.6	 24.2	 72.9	 21.2	 68.5	 22.4	 86.1	 21.4	 81.4	 13.9	 83.9	 22.4	 59.1	 22.5	 23.2	 69.6	 96.8	 20.7	108.4	 20.5	 72.6	  0.0	 82.0	 19.9	 83.6	 21.0	 60.5	 20.5	 96.8	 20.7	 20.4	 84.7	 22.7	 64.1	 61.3	 22.7	 13.0	 79.2
Alanine	23.1	 0.0	 0.0	38.0	10.2	 0.0	 5.5	 0.0	36.3	 0.0	 8.0	 0.0	 6.6	 0.0	 9.1	 0.0	12.7	 0.0	 9.1	 0.0	17.3	 0.0	 0.0	44.0	36.3	 0.0	84.4	 0.0	21.5	 0.0	26.4	 0.0	33.3	 0.0	10.7	 0.0	94.6	 0.0	 0.0	55.6	 0.0	15.1	30.8	 0.0	 0.0	26.7
Pyruvate	  91.6	   8.2	   0.0	 153.5	  60.2	   0.0	  45.9	   7.6	 338.3	  10.6	  54.2	   0.0	  56.1	  12.8	  53.1	   9.3	  24.5	   0.0	  81.1	   0.0	  86.9	   0.0	   4.7	 302.8	  35.2	   0.0	 161.2	   7.9	  87.2	   7.4	  18.7	   0.0	  81.4	   1.8	  87.7	   0.0	 369.9	   8.7	   8.5	1310.4	   0.0	  78.1	  36.3	   0.0	   6.4	   0.0
Isopropanol	 8.5	 0.0	 0.0	 3.6	 4.4	 0.0	 3.6	 0.8	 4.7	 0.0	 5.5	 0.0	 7.7	 0.0	 6.1	 0.0	 4.1	 0.0	 3.0	 1.4	 3.6	 0.0	 0.0	 4.7	 8.0	 0.0	12.4	 1.2	 5.2	 0.7	10.7	 0.0	10.7	 0.0	 7.4	 0.8	23.7	 0.0	 0.0	 9.1	 0.9	 8.5	 5.8	 0.0	 0.0	 5.2
Succinate	 12.1	  0.0	  0.0	 39.3	 28.3	  0.0	 33.0	  0.0	191.7	  0.0	 36.0	  0.0	 29.7	  0.0	 14.0	  0.0	 13.8	  0.0	 46.8	  0.0	 39.6	  0.0	  0.0	 97.4	 38.0	  0.0	 49.2	  0.0	  6.1	  0.0	 39.3	  0.0	 73.7	  0.0	 55.3	  0.0	281.9	  0.0	  0.0	229.4	  0.0	 44.6	 11.0	  0.0	  0.0	423.8
O-Phosphocholine	12.4	 0.0	 0.0	10.7	 9.1	 0.0	 5.5	 0.0	14.6	 0.0	 6.9	 0.0	 6.6	 0.0	 7.4	 0.0	 5.5	 0.0	 6.3	 0.0	12.9	 0.0	 0.0	16.5	 4.1	 0.0	21.5	 0.0	 8.8	 0.0	17.3	 0.0	14.6	 0.0	15.1	 0.0	27.8	 0.0	 0.0	30.0	 0.0	14.9	10.5	 0.0	 0.0	43.7
Acetone	12.7	 0.0	 0.8	11.8	18.7	 0.0	 6.6	 0.7	15.7	 1.7	14.3	 4.3	34.9	 2.0	11.8	 1.6	27.0	 0.0	 9.9	 1.6	10.2	 1.6	 1.9	15.4	20.6	 1.1	66.8	 0.9	29.4	 0.6	13.8	 0.0	20.9	 0.8	51.7	 0.9	 7.2	 0.0	 0.9	 9.4	 1.9	12.9	32.7	 1.8	 1.0	18.7
Sucrose	 14.3	  0.0	  0.0	  0.0	  0.0	  0.0	  0.0	  0.0	  0.0	  0.0	  0.0	  0.0	  0.0	  0.0	 14.3	  0.0	  0.0	  0.0	 21.2	  0.0	 61.1	  0.0	  0.0	  0.0	  0.0	  0.0	 10.7	  0.0	  0.0	  0.0	  0.0	  0.0	  0.0	  0.0	 36.9	  0.0	 46.2	  0.0	  0.0	367.1	  0.0	  0.0	 11.3	  0.0	  0.0	  0.0
Phenylalanine	16.0	 0.0	 0.0	27.8	 4.7	 0.0	 9.6	 0.0	24.8	 0.0	 9.4	 0.0	 7.4	 0.0	 6.1	 0.0	 0.0	 0.0	 9.1	 0.0	16.8	 0.0	 0.0	40.4	38.8	 0.0	74.5	 0.0	10.2	 0.0	25.9	 0.0	31.1	 0.0	13.5	 0.0	50.9	 0.0	 0.0	33.3	 0.0	15.7	 7.4	 0.0	 0.0	47.9
Dimethyl sulfone	 17.3	  0.0	  0.0	  6.9	 16.8	  0.0	 10.2	  0.0	 23.9	  0.0	 17.9	  0.0	 22.8	  0.0	 11.6	  0.0	394.1	  0.0	  9.6	  0.0	 20.4	  0.0	  0.0	 17.3	  9.1	  0.0	 25.9	  0.0	 34.1	  0.0	 23.7	  0.0	 10.2	  0.0	 21.5	  0.0	 53.9	  0.0	  0.0	 18.2	  0.0	 16.8	 23.7	  0.0	  0.0	  4.1
Creatine	18.2	 0.0	 0.0	14.0	10.7	 0.0	 7.7	 0.0	30.0	 0.0	11.6	 0.0	 8.8	 0.0	 9.6	 0.0	12.4	 0.0	 6.6	 0.0	13.8	 0.0	 0.0	59.4	 4.7	 0.0	22.8	 0.0	17.6	 0.0	16.8	 0.0	15.7	 0.0	21.2	 0.0	26.7	 0.0	 0.0	36.6	 0.0	10.7	35.8	 0.0	 0.0	25.9
Acetoin	 19.5	  0.0	  0.0	 37.1	 13.2	  0.0	  5.2	  0.0	 37.4	  0.0	 11.0	  0.0	  5.0	  0.0	 11.8	  0.0	  4.7	  0.0	  8.8	  0.0	  7.7	  0.0	  0.0	 42.1	 16.5	  0.0	 89.4	  0.0	  3.3	  0.0	 11.8	  0.0	  8.8	  0.0	 12.4	  0.0	 16.2	  0.0	  0.0	577.0	  0.0	 18.7	  0.6	  0.0	  0.0	 29.7
Lactate	 455.1	  19.9	   7.0	  61.9	 245.6	   0.0	 152.9	   6.9	 471.4	   4.0	 128.4	  43.2	 101.5	   7.6	 396.8	   4.0	 206.3	  91.2	 341.8	   4.4	 360.0	   5.2	 141.1	 694.1	  48.1	   4.3	 141.4	   3.3	 212.3	   3.1	 271.7	  10.6	 263.7	  49.7	 693.8	  20.4	1591.2	   5.7	   3.2	6357.7	   4.4	 202.1	 517.3	   4.2	  11.3	  13.2
Butyrate	 64.6	  0.0	  0.0	118.8	 12.9	  0.0	 58.6	  0.0	  9.6	  0.0	 85.5	  0.0	 26.7	  0.0	 33.0	  0.0	  8.0	  0.0	 18.2	  0.0	  6.1	  0.0	  0.0	 41.3	 53.4	  0.0	 95.4	  0.0	 26.1	  0.0	 12.9	  0.0	 84.7	  0.0	 28.1	  0.0	115.8	  0.0	  0.0	  3.6	  0.0	  8.8	  2.2	  0.0	  0.0	  0.0
Formate	 530.2	  25.8	  24.2	  13.5	 207.6	  45.5	 349.0	  22.6	1614.8	  55.7	 241.5	  59.0	 149.6	  19.3	 153.7	  17.0	  54.7	  44.5	 115.5	  51.1	 143.0	  26.3	  48.9	 214.2	 118.3	  36.2	 231.3	  19.5	  30.3	  19.7	 702.1	  53.6	 172.4	  26.6	 285.7	  17.1	3189.5	  27.5	  17.0	 535.2	  21.9	  29.7	  25.9	  18.7	   0.0	  13.2
Propylene glycol	 28.9	  0.0	  0.0	 19.8	 27.5	  0.0	  8.5	  0.0	 17.9	  0.0	  7.4	  0.0	  4.7	  0.0	 47.6	  0.0	  9.9	  0.0	 45.4	  0.0	  9.9	  0.0	  0.0	  9.4	 11.8	  0.0	 53.4	  0.0	 31.1	  0.0	 19.0	  0.0	 20.1	  0.0	 13.5	  0.0	 64.4	  0.0	  0.0	162.3	  0.0	  3.9	  3.6	  0.0	  0.0	 36.9
Histidine	 30.3	  0.0	  0.0	 22.8	 10.7	  0.0	 41.0	  0.0	 47.0	  0.0	  0.0	  0.0	  8.0	  0.0	 18.4	  0.0	 15.4	  0.0	  0.0	  0.0	 25.6	  0.0	  0.0	 49.0	 17.9	  0.0	138.1	  0.0	 37.4	  0.0	 28.1	  0.0	 24.2	  0.0	 19.8	  0.0	 71.5	  0.0	  0.0	 81.1	  0.0	 31.9	 13.8	  0.0	  0.0	 76.2
Citrate	 35.2	  0.0	  0.0	 11.0	 47.0	  0.0	 65.7	  0.0	 46.8	  0.0	 53.1	  0.0	 34.7	  0.0	 42.9	  0.0	 40.4	  0.0	 50.6	  0.0	 72.1	  0.0	  0.0	 29.2	 12.7	  0.0	 29.4	  0.0	 67.1	  0.0	 47.3	  0.0	 58.0	  0.0	 57.8	  0.0	 34.9	  0.0	  0.0	 71.2	  0.0	 13.8	 25.0	  0.0	  0.0	204.1
Putrescine	 35.2	  0.0	  0.0	 50.1	  0.0	  0.0	 30.3	  0.0	  0.0	  0.0	 52.5	  0.0	 38.5	  0.0	  7.4	  0.0	  0.0	  0.0	  0.0	  0.0	  0.0	  0.0	  0.0	108.1	107.3	  0.0	146.0	  0.0	 25.9	  0.0	  0.0	  0.0	 49.8	  0.0	  0.0	  0.0	  0.0	  0.0	  0.0	  0.0	  0.0	 11.8	  0.0	  0.0	  0.0	 41.3
Tyrosine	 38.2	  0.0	  0.0	 58.0	 20.4	  0.0	 14.9	  0.0	 49.8	  0.0	 16.8	  0.0	 14.9	  0.0	 14.9	  0.0	  8.5	  0.0	 13.5	  0.0	 36.3	  0.0	  0.0	 69.0	 48.7	  0.0	135.0	  0.0	 34.4	  0.0	 59.1	  0.0	 40.7	  0.0	 18.2	  0.0	129.8	  0.0	  0.0	 65.2	  0.0	 35.8	 19.5	  0.0	  0.0	118.8
Ethanolamine	 46.5	  0.0	  0.0	 89.9	 16.8	  0.0	 11.6	  0.0	130.6	  0.0	  0.0	  0.0	 13.8	  0.0	 20.1	  0.0	  4.7	  0.0	 12.1	  0.0	 40.2	  0.0	  0.0	 57.8	 47.9	  0.0	106.2	  0.0	 16.5	  0.0	 31.4	  0.0	 71.2	  0.0	 30.8	  0.0	 77.8	  0.0	  0.0	 30.5	  0.0	 30.0	 29.7	  0.0	  0.0	  0.0
Proline	 52.8	  0.0	  0.0	 36.0	 14.9	  0.0	 44.0	  0.0	 51.7	  0.0	 50.3	  0.0	 66.8	  0.0	 16.5	  0.0	  0.0	  0.0	 24.8	  0.0	 22.8	  0.0	  0.0	244.2	 41.8	  0.0	207.1	  0.0	 33.6	  0.0	 28.6	  0.0	 64.1	  0.0	 32.2	  0.0	 87.5	  0.0	  0.0	296.5	  0.0	 13.2	 16.5	  0.0	  0.0	 25.6
Ethanol	 54.7	  0.0	  0.0	 74.3	 23.7	  0.0	 16.5	  0.0	 25.3	  0.0	 24.8	  0.0	 15.7	  0.0	 19.5	  0.0	 10.2	  0.0	 15.4	  0.0	 14.3	  0.0	  0.0	 26.4	 72.9	  0.0	 78.1	  0.0	 13.5	  0.0	 21.2	  0.0	 23.4	  0.0	 69.6	  0.0	193.6	  0.0	  0.0	 39.3	  0.0	 28.9	 13.8	  0.0	  0.0	 25.3
Galactose	 57.2	  0.0	  0.0	  0.0	  0.0	  0.0	  0.0	  0.0	  0.0	  0.0	  0.0	  0.0	  0.0	  0.0	 61.1	  0.0	  0.0	  0.0	  0.0	  0.0	  0.0	  0.0	  0.0	115.5	  0.0	  0.0	 93.5	  0.0	  0.0	  0.0	  0.0	  0.0	  0.0	  0.0	  0.0	  0.0	  0.0	  0.0	  0.0	  0.0	  0.0	  0.0	  0.0	  0.0	  0.0	  0.0
Fucose	60.0	 0.0	 0.0	57.2	28.6	 0.0	 0.0	 0.0	31.6	 0.0	11.3	 0.0	22.6	 0.0	34.4	 0.0	10.7	 0.0	16.8	 0.0	 0.0	 0.0	 0.0	69.3	79.5	 0.0	89.4	 0.0	69.3	 0.0	32.2	 0.0	81.1	 0.0	23.9	 0.0	33.3	 0.0	 0.0	33.3	 0.0	12.7	17.1	 0.0	 0.0	 0.0
Acetate	 3781.0	   69.4	  201.4	 8567.6	 1756.7	  203.1	 1925.6	   40.1	 4130.0	  183.7	 3307.2	  290.8	 2036.9	   55.8	 2330.9	   33.4	  619.0	  199.4	  842.9	  152.5	  849.2	  132.3	  168.6	 4779.8	 5534.4	   73.8	14386.1	  193.8	 1967.4	   47.7	 1769.6	  123.9	 3156.7	  142.2	 2462.4	   80.6	11955.4	   64.2	   67.7	 3265.4	   57.6	 2291.0	  383.1	   19.6	  179.7	 4721.5
Glycine	118.5	  0.0	  0.0	 94.9	 37.1	  0.0	 31.1	  0.0	 96.3	  0.0	 91.9	  0.0	 37.7	  0.0	 34.1	  0.0	 20.9	  0.0	 28.6	  0.0	 36.6	  0.0	  0.0	303.1	 97.6	  0.0	492.8	  0.0	 66.0	  0.0	 58.3	  0.0	 82.0	  0.0	 45.9	  0.0	162.3	  0.0	  0.0	218.9	  0.0	 35.8	 60.5	  0.0	  0.0	122.7
Glucose	  75.4	   0.0	   0.0	   0.0	  29.7	   0.0	  33.6	   0.0	 112.5	   0.0	  34.4	   0.0	  19.5	   0.0	  56.4	   0.0	  46.5	   0.0	 196.1	   0.0	 124.3	   0.0	   0.0	  92.7	   0.0	   0.0	  38.2	   0.0	 101.2	   0.0	 192.0	   0.0	 119.4	   0.0	 131.2	   0.0	 325.6	   0.0	   0.0	1152.0	   0.0	   0.0	 105.6	   0.0	   0.0	  43.7
Urea	330.6	  0.0	  0.0	361.1	423.5	  0.0	316.0	  0.0	452.4	  0.0	429.6	  0.0	100.1	  0.0	461.5	  0.0	  0.0	  0.0	344.9	  0.0	766.4	  0.0	  0.0	415.8	  0.0	  0.0	409.5	  0.0	974.3	  0.0	380.1	  0.0	270.1	  0.0	690.5	  0.0	449.6	  0.0	  0.0	966.1	  0.0	361.9	750.5	  0.0	  0.0	709.0
O-Phosphoethanolamine	121.8	  0.0	  0.0	 44.8	 97.1	  0.0	 68.5	  0.0	 85.0	  0.0	 86.1	  0.0	 55.8	  0.0	116.6	  0.0	106.2	  0.0	 78.4	  0.0	308.0	  0.0	  0.0	 60.2	 18.2	  0.0	 95.4	  0.0	130.6	  0.0	312.7	  0.0	 76.5	  0.0	292.1	  0.0	 55.8	  0.0	  0.0	265.4	  0.0	 83.1	127.3	  0.0	  0.0	409.5
5-Aminopentanoate	138.1	  0.0	  0.0	208.7	 48.7	  0.0	147.4	  0.0	 36.0	  0.0	190.9	  0.0	 74.8	  0.0	 73.7	  0.0	 12.1	  0.0	 39.1	  0.0	 20.6	  0.0	  0.0	297.6	232.1	  0.0	469.2	  0.0	 22.8	  0.0	 18.2	  0.0	224.4	  0.0	122.9	  0.0	369.3	  0.0	  0.0	 33.6	  0.0	 11.0	 32.2	  0.0	  0.0	  0.0
Taurine	176.3	  0.0	  0.0	166.4	 51.2	  0.0	 35.5	  0.0	245.0	  0.0	 60.8	  0.0	 44.8	  0.0	 53.6	  0.0	 61.9	  0.0	 41.0	  0.0	 78.7	  0.0	  0.0	285.7	 76.2	  0.0	194.7	  0.0	 95.2	  0.0	175.5	  0.0	 98.7	  0.0	 51.4	  0.0	284.1	  0.0	  0.0	 94.1	  0.0	 78.7	126.2	  0.0	  0.0	110.0
Propionate	 471.9	   0.0	  55.8	1574.9	 172.4	  54.7	 269.2	   5.1	 484.3	  17.9	 467.2	  43.7	 162.0	   7.2	 347.6	   0.0	  74.0	  26.1	  91.9	  17.0	 133.7	  21.5	  22.6	 576.1	1053.8	  12.1	2025.7	  43.8	 147.4	   4.2	 244.2	   8.3	 492.8	  15.4	 485.1	  14.7	2614.2	   4.8	  14.1	 507.7	   7.9	 209.0	   9.6	   0.0	   0.0	  19.8
Isoleucine	 0.0	 0.0	 0.0	 6.6	 0.0	 0.0	 0.0	 0.0	 5.8	 0.0	 0.0	 0.0	 0.0	 0.0	 0.0	 0.0	 0.0	 0.0	 0.0	 0.0	 0.0	 0.0	 0.0	13.2	11.3	 0.0	19.5	 0.0	 0.0	 0.0	 0.0	 0.0	 6.6	 0.0	 0.0	 0.0	 8.0	 0.0	 0.0	 9.6	 0.0	 0.0	 0.0	 0.0	 0.0	37.4
Valine	 0.0	 0.0	 0.0	10.2	 0.0	 0.0	 7.7	 0.0	12.1	 0.0	 0.0	 0.0	 6.6	 0.0	 0.0	 0.0	 0.0	 0.0	 0.0	 0.0	 0.0	 0.0	 0.0	26.4	27.0	 0.0	18.4	 0.0	 0.0	 0.0	 0.0	 0.0	11.8	 0.0	 0.0	 0.0	22.0	 0.0	 0.0	11.8	 0.0	 0.0	 7.7	 0.0	 0.0	30.3
Isovalerate	 0.0	 0.0	 0.0	13.8	 0.0	 0.0	 0.0	 0.0	 0.0	 0.0	 0.0	 0.0	 5.8	 0.0	 0.0	 0.0	 0.0	 0.0	 0.0	 0.0	 0.0	 0.0	 0.0	 0.0	17.1	 0.0	11.0	 0.0	 0.0	 0.0	 0.0	 0.0	 0.0	 0.0	 0.0	 0.0	 0.0	 0.0	 0.0	 0.0	 0.0	 0.0	 0.0	 0.0	 0.0	 3.6
Leucine	 0.0	 0.0	 0.0	15.7	 0.0	 0.0	11.8	 0.0	13.2	 0.0	 0.0	 0.0	 6.1	 0.0	 0.0	 0.0	 0.0	 0.0	 0.0	 0.0	 0.0	 0.0	 0.0	23.4	31.4	 0.0	25.0	 0.0	 0.0	 0.0	 0.0	 0.0	 9.6	 0.0	 0.0	 0.0	30.5	 0.0	 0.0	12.7	 0.0	 0.0	 8.5	 0.0	 0.0	33.0
Creatinine	 0.0	 0.0	 0.0	 0.0	 8.0	 0.0	 0.0	 0.0	 5.5	 0.0	 6.9	 0.0	 4.4	 0.0	 4.7	 0.0	 0.0	 0.0	 1.9	 0.0	 0.0	 0.0	 0.0	 0.0	 0.0	 0.0	 0.0	 0.0	14.6	 0.0	 0.0	 0.0	 9.1	 0.0	 5.2	 0.0	63.0	 0.0	 0.0	27.0	 0.0	 0.0	13.2	 0.0	 0.0	 9.6
Maltose	  0.0	  0.0	  0.0	  0.0	 20.9	  0.0	  0.0	  0.0	 45.1	  0.0	 17.9	  0.0	  0.0	  0.0	 34.7	  0.0	 23.7	  0.0	 87.7	  0.0	 46.2	  0.0	  0.0	  0.0	  0.0	  0.0	  0.0	  0.0	  0.0	  0.0	  0.0	  0.0	  0.0	  0.0	108.4	  0.0	  0.0	  0.0	  0.0	584.1	  0.0	  0.0	 57.5	  0.0	  0.0	  0.0
Fumarate	0.0	0.0	0.0	0.0	0.0	0.0	0.0	0.0	2.5	0.0	0.0	0.0	0.0	0.0	0.0	0.0	0.0	0.0	0.0	0.0	3.0	0.0	0.0	0.0	0.0	0.0	0.0	0.0	0.0	0.0	0.0	0.0	0.0	0.0	2.5	0.0	0.0	0.0	0.0	5.8	0.0	0.0	3.0	0.0	0.0	0.0
Hypoxanthine	 0.0	 0.0	 0.0	 0.0	 0.0	 0.0	 0.0	 0.0	18.2	 0.0	 0.0	 0.0	 0.0	 0.0	 0.0	 0.0	 0.0	 0.0	 0.0	 0.0	 0.0	 0.0	 0.0	 0.0	 0.0	 0.0	 0.0	 0.0	 0.0	 0.0	 0.0	 0.0	 0.0	 0.0	 0.0	 0.0	31.1	 0.0	 0.0	 0.0	 0.0	 0.0	 0.0	 0.0	 0.0	 0.0
Uracil	 0.0	 0.0	 0.0	 0.0	 0.0	 0.0	 0.0	 0.0	25.6	 0.0	 0.0	 0.0	 0.0	 0.0	 0.0	 0.0	 0.0	 0.0	 0.0	 0.0	 0.0	 0.0	 0.0	 0.0	 0.0	 0.0	 0.0	 0.0	 0.0	 0.0	 0.0	 0.0	 0.0	 0.0	 0.0	 0.0	31.9	 0.0	 0.0	 0.0	 0.0	 0.0	 0.0	 0.0	 0.0	 0.0
Ornithine	 0.0	 0.0	 0.0	 0.0	 0.0	 0.0	 0.0	 0.0	 0.0	 0.0	 0.0	 0.0	11.8	 0.0	 0.0	 0.0	 0.0	 0.0	 0.0	 0.0	 0.0	 0.0	 0.0	24.8	 0.0	 0.0	 0.0	 0.0	 0.0	 0.0	 0.0	 0.0	 0.0	 0.0	 0.0	 0.0	58.3	 0.0	 0.0	27.2	 0.0	 5.2	 0.0	 0.0	 0.0	 0.0
Phenol	 0.0	 0.0	 0.0	 0.0	 0.0	 0.0	 0.0	 0.0	 0.0	 0.0	 0.0	 0.0	 0.0	 0.0	 0.0	 0.0	 0.0	 0.0	 0.0	 0.0	 0.0	 0.0	 0.0	 0.0	26.1	 0.0	 0.0	 0.0	 0.0	 0.0	 0.0	 0.0	 0.0	 0.0	 0.0	 0.0	 0.0	 0.0	 0.0	 0.0	 0.0	 0.0	 0.0	 0.0	 0.0	 0.0
