Sample	Ctrl1	Ctrl2	Ctrl3	Ctrl4	Ctrl5	STEMIT1-1	STEMIT1-2	STEMIT1-3	STEMIT1-4	STEMIT1-5	STEMIT1-6	STEMIT1-7	STEMIT1-8	STEMIT1-9	STEMIT1-10	STEMIT2-1	STEMIT2-2	STEMIT2-3	STEMIT2-4	STEMIT2-5	STEMIT2-6	STEMIT2-7	STEMIT2-8	STEMIT2-9	STEMIT2-10
Label	Ctrl	Ctrl	Ctrl	Ctrl	Ctrl	STEMIT1	STEMIT1	STEMIT1	STEMIT1	STEMIT1	STEMIT1	STEMIT1	STEMIT1	STEMIT1	STEMIT1	STEMIT2	STEMIT2	STEMIT2	STEMIT2	STEMIT2	STEMIT2	STEMIT2	STEMIT2	STEMIT2	STEMIT2
L-Alanine	27231.35335	38917.67772	26534.96199	29771.33285	22523.88504	12131.45516	31783.27946	25135.03414	22247.52583	24707.83103	29252.11781	14616.9392	22506.48587	50960.29241	33007.94741	22488.25344	38026.53287	18636.98136	17586.98355	23746.47902	14870.22383	29863.46742	11528.97128	14704.98251	21809.48259
Senecioic acid	0	0	0	3357.524139	0	0	0	0	2291.604092	0	3217.325966	0	0	0	0	1824.915538	0	0	0	0	907.5693019	0	0	0	0
L-a-aminobutyric acid	18707.82491	23244.91924	19339.67668	27002.72308	24193.36437	14305.57352	18363.33084	9052.070597	13673.95328	20316.10064	23781.06479	19675.89137	16308.92174	21192.30346	28143.46906	15543.84094	22575.35044	12982.19813	14211.42786	18139.31144	11211.12214	23727.00573	10304.33594	11282.82704	27151.48242
D-Serine	0	1356.753785	1229.141532	0	0	0	0	543.5902045	0	0	1890.748772	1185.61255	0	0	0	0	0	1068.643337	0	991.9157636	1287.454045	0	0	0	0
Creatinine	313979.694	321169.2701	247844.5905	316007.969	349256.1957	387783.4929	246911.0444	180018.1091	280411.4391	274185.6054	311734.2897	177988.6044	323183.4169	235390.5224	238314.5684	753495.9551	274027.7247	207153.8153	373078.5729	178025.9582	202813.6189	335526.5922	258418.8246	185054.2987	215005.8906
Betaine	940857.6816	1088263.053	746940.493	1025425.56	1093255.677	596576.8527	869133.8079	498089.4633	887405.5407	875075.3555	1028954.719	619559.253	837632.6238	958926.1976	849129.008	864441.417	987806.4761	725587.5835	1073124.226	740000.5329	588969.317	1125243.109	608110.647	790568.394	870071.5482
L-Homoserine	9556.746641	10363.0565	12299.99314	7451.587042	9116.655787	5630.083703	7020.582823	3912.397608	4723.909692	8016.191358	12504.83943	7471.219715	5681.054982	5318.495866	6781.953744	24733.52059	10318.36703	6817.372128	6615.30423	8133.741222	8079.162524	11136.64101	4461.81012	4907.077886	9670.77832
Pyroglutamic acid	25491.40522	35893.54195	14066.65986	26728.91538	28325.91946	24241.35486	31440.81635	55175.72112	64425.89619	141839.1118	43085.92399	0	66485.77058	87605.63536	52415.83145	51870.13709	52015.25846	24981.8682	106678.2392	65970.36045	17138.44639	0	29361.46483	12472.91962	36300.1403
Pipecolic acid	77495.49442	54984.81639	36471.65257	120675.9601	268331.4699	23938.81448	77671.08638	113461.1366	176315.193	103494.878	29702.75379	74527.40002	163479.7545	114660.148	76671.46611	45609.25553	102788.5366	126423.2822	194569.7057	123577.8425	23937.61144	204943.3005	106014.7282	106751.1807	76500.90625
5-Aminolevulinic acid	58768.21277	58596.55635	28617.21705	64486.44356	67057.78008	28235.26475	42467.87944	25478.64262	47345.52219	48276.38238	63962.53613	37125.07996	58005.98662	50543.21035	55985.32166	50309.85616	48558.41466	29610.2314	54205.93946	29557.47905	36231.07777	58125.8705	35751.66025	38664.40714	53188.78906
Creatine	308546.1681	596735.0778	439321.8281	456776.1106	347793.34	176659.9671	534673.0068	376243.6808	336181.7792	378587.1779	496414.3642	231004.2178	339753.7878	785657.3797	507354.9641	105951.5309	574472.8021	303742.4117	262151.2011	119097.7732	202961.8098	301627.8948	97089.61155	134504.1253	341187.5
L-Alloisoleucine	877399.3132	953122.9383	766715.5546	874286.305	974453.297	598353.325	796824.057	438223.1382	804548.5396	843313.9709	994048.0027	601996.32	871016.7841	949678.5986	793876.2361	786724.671	919727.1081	664299.6603	986192.7284	696780.7538	547976.8569	1019766.428	607460.3432	659355.9351	784821.9341
Aspartic acid	0	2366.512714	0	1810.852946	0	0	1414.761428	770.2846171	1383.660056	1601.111998	0	0	1856.410966	0	1604.797917	0	1599.049365	0	0	0	0	0	0	1208.065297	0
Hypoxanthine	25621.16349	35754.3264	11960.60355	44203.03922	25784.38467	391791.8607	590431.7132	423282.2864	788007.65	1040210.744	66635.60191	18328.56748	817615.9646	867950.3717	887283.1945	251328.161	225444.133	65474.78844	426877.6526	493921.9116	25297.08525	35094.77778	47626.33256	26567.69847	36994.3284
3-Pyridylacetic acid	189199.3645	0	32854.86721	11588.51313	36832.86206	0	42115.83098	0	0	0	0	0	0	0	0	27473.18682	0	4844.761053	30578.64231	151603.0865	0	25451.01893	17680.60427	5831.646906	7482.032227
Urocanic acid	0	5167.159207	0	5879.942244	4426.385204	0	0	2304.705659	0	6015.707208	3526.853405	2845.444298	3541.94708	3853.920907	4432.416979	0	2373.39233	2884.581844	4260.193946	0	4666.572205	2265.638498	1319.696873	995.6812556	4381.198815
D-Glutamine	31307.90235	30416.21752	22965.65357	33413.51877	30676.78707	15614.73732	25468.39913	8843.829567	19443.86204	13689.60176	29791.60053	24265.0815	20534.52655	9520.397517	21783.72925	20889.7652	25470.7693	17875.99286	15758.7433	17086.30137	23658.24892	35233.56805	11570.45016	17292.79661	31232.41992
D-Lysine	23629.39951	24048.03153	34653.89469	25746.41664	35308.99801	17173.15245	12908.32204	14961.74598	17087.66621	22486.83507	23681.18414	19417.19817	21056.48818	21694.31424	19294.80797	26275.30853	23834.94264	21415.36221	20726.15478	19262.36915	12942.28154	34637.50909	15484.30964	15665.5645	29702.375
Glutamic acid	9948.527921	20491.80835	12311.76633	11073.22699	13484.32778	6330.407367	8735.268569	6986.626172	10847.88432	14944.10674	17096.87912	7350.476866	8547.492706	17403.53771	10660.79362	11754.52341	8929.60181	9085.953612	16243.58585	10933.19007	6854.441911	15027.62301	4111.195484	5083.890244	7381.207115
Methionine	162074.8013	120403.1798	201544.3972	144244.5493	164854.9189	106899.1793	94335.64296	59489.66479	132681.2522	152508.8295	174878.494	109956.787	108834.1158	154190.6315	131927.6102	175391.2566	146252.9905	125156.082	104585.5114	127672.7273	103922.3702	229945.1422	101964.2797	84738.34769	151978.8517
Histidine	14670.98316	10777.35051	8670.933945	0	11805.05563	0	6904.380053	3196.914664	5075.481023	0	8103.340766	6393.075907	10310.55178	0	6093.818468	0	0	9018.937544	0	0	5726.775981	10387.34884	0	6403.937197	8157.600923
Carnitine	955523.4684	1159678.913	605566.8963	1023169.593	1086486.988	537912.9249	883378.524	434134.7679	851220.7832	753423.7327	986107.7803	607551.4645	785761.6651	898126.5618	935776.788	626233.7763	919962.8554	637299.3656	898408.5449	400045.8529	554422.2461	969665.0039	476399.3248	653405.7976	746835.2698
Phenylalanine	836486.5533	906438.909	708641.9201	935203.4028	1058558.839	622969.5075	725059.2385	447102.3258	755324.8508	931797.9963	1038224.177	578016.6096	870186.7379	1046743.976	992940.9721	873363.6258	935283.8394	673847.4928	1056009.899	738106.3017	580386.6482	1038310.74	615579.8274	783050.4569	898522.625
3-Methylhistidine	27855.29233	44760.49679	32957.71253	12286.20093	30171.86983	38479.69086	12020.07716	5591.72768	13254.63382	13357.03776	21577.52022	12436.15509	33159.31385	12651.00645	16887.72151	39797.18981	6166.657054	14068.7546	5799.422136	10879.21516	12698.0459	28966.81314	12036.42872	0	38324.14619
D-Arginine	72772.58964	81637.9165	92376.93625	73805.24445	55559.75609	19727.35645	57962.78532	0	16392.55209	0	27021.63267	47539.27501	10696.72699	0	10624.90128	16829.85621	15853.65167	23158.14117	0	0	42917.13823	67771.54644	8368.006946	33838.40434	36599.48157
L-Citrulline	8951.247304	13518.98359	8086.176384	7304.373521	6218.311192	4473.915678	8326.929932	3308.757272	4545.70138	4880.054604	8369.447014	3973.179132	5607.080771	3152.767888	5111.904661	6681.359167	0	4874.911266	4107.68795	4474.724188	4322.951373	10390.80609	3381.436434	3169.312841	9995.432617
Cotinine	31688.94434	56365.10621	0	0	30760.49261	0	38524.35987	0	0	0	0	9843.986502	28528.73513	8746.703237	0	0	0	0	0	0	28745.30438	0	14125.40899	0	0
Hippurate	6601.475816	0	4927.82274	1504.596021	0	27637.1638	9189.993641	10809.94035	29211.48754	14399.86577	2354.745188	1202.706373	13265.14633	3897.325769	8001.870924	3553.464987	2604.997134	6568.06844	4500.702966	4776.160766	1458.568597	9187.452305	9871.654847	0	3989.949789
Paraxanthine	89136.86455	29363.777	18375.77993	0	3202.785863	0	25984.1281	5456.999993	61865.4891	68057.49712	0	5085.5104	22223.54196	14256.41031	10233.33996	23626.50893	37656.39535	0	17762.95657	34696.58226	3677.839123	34195.05092	7188.641146	0	3090.582907
Tyrosine	129069.2195	190637.0127	165871.6703	113849.5878	157388.8871	114981.9117	92936.10822	56289.85767	128456.1731	158197.0216	170106.4746	95311.06545	127718.0941	142896.428	160883.3816	136144.58	119723.2774	96697.68773	162079.8509	146182.6995	115465.2932	160997.0606	96632.07029	114771.5355	169762.5978
N6-Acetyl-L-lysine	4695.086321	4101.625047	3746.806353	5276.539361	4866.40342	4709.684266	2697.644384	4860.969757	7326.432072	5215.394943	5487.323776	2662.919946	8479.345675	11086.66717	7817.447989	6971.726754	4630.672221	3229.55297	5130.784029	3629.346014	2796.090655	0	3491.478245	3329.159057	6040.20749
Acetylcarnitine	386287.1217	477476.521	222261.5024	311774.7645	176884.4739	613790.435	399122.2192	267618.9601	333469.6966	422858.7938	315600.0687	185640.3482	958726.1747	886482.7958	252278.2479	163390.9581	125923.032	252497.0109	94673.82158	226326.9948	251705.646	191907.5585	152464.4264	266769.1782	396246.2061
L-Tryptophan	740406.8178	766274.3146	646653.2798	784649.3979	981479.4597	365248.9097	398604.5153	238519.2363	367110.2674	565597.8634	667458.1912	507193.6805	527633.2528	543173.5235	792299.3486	642990.0303	768486.0228	610426.0341	820217.5886	517976.8567	388988.4014	952086.4484	515750.3737	443828.2589	760605.625
L-Kynurenine	15098.6287	17592.72396	11616.56792	12361.16116	15016.15216	31951.21596	9060.760708	4786.622187	6576.723876	17408.59408	11726.78724	7699.471183	15316.89662	9529.925473	17106.92277	43320.09195	20237.12181	12619.25058	17837.51328	12883.22218	9745.899317	17021.73665	11922.42951	9986.352568	23663.27587
Propionyl-L-carnitine	24499.92761	37084.59448	20120.5733	22987.55767	21827.97762	136162.389	14728.86127	12220.61846	27253.71384	28427.4294	23664.27742	30008.31957	22245.83753	79538.41375	17219.41544	11575.06138	22353.79611	18065.17037	23270.2339	20684.42467	13476.88599	47740.12853	12730.24375	21092.0874	27380.1875
Butyrylcarnitine	47136.35538	57531.2397	16107.71727	44960.08642	26539.20868	275818.5936	28221.82999	14300.15209	29478.31635	45503.39101	42154.15622	33095.25149	28462.81998	51413.98998	25722.88907	49906.09597	68803.98293	32818.78322	47441.9289	56061.91191	17770.53318	55591.46039	37065.65214	63656.70582	67091.39844
Valeryl-L-carnitine	25849.72158	54152.04091	28211.64396	33779.82794	26797.42487	152792.6343	10918.6563	6205.140226	15859.81089	17852.57912	34849.2207	17448.91792	13072.05575	26377.0117	10800.30855	21450.75329	27880.36898	25151.70471	45380.09336	26588.10634	40014.32755	28755.03916	20251.20934	12427.36547	44793.57869
Glycerophosphocholine	140132.5056	100413.3895	58108.48851	106080.6529	206508.8767	10768.66712	74716.97342	60009.50805	123414.0315	127814.8996	105859.2603	49003.61848	86132.04065	53797.38511	160887.3072	119178.3596	218328.5527	74032.98778	268354.2868	160558.1302	43960.24945	140050.6917	89161.67204	45196.15656	81803.95102
Hexanoylcarnitine	33675.095	25201.96648	8921.941379	14539.93468	15168.51386	133226.0626	27618.8078	10559.58144	32549.96911	17995.62714	20068.52644	8533.353936	36457.95324	23918.92639	20571.58169	0	13123.45239	12115.42272	11948.15529	9170.567782	20539.08847	9930.885323	8260.278023	9393.8917	25209.02148
Gamma-glutamylleucine	13013.44973	18288.51689	12348.5312	12143.79927	16976.0217	11670.07106	5852.265101	4884.617979	10582.68023	7783.357209	25381.14572	8652.156676	7437.96365	4868.756504	4919.66754	9608.950631	7732.828369	9735.958092	10727.79887	10521.0003	8163.386938	18861.07436	7395.973257	5002.858379	8550.524457
Heptanoyl-L-carnitine	0	0	777.0401713	1603.114612	1359.493334	0	0	736.9549743	1094.538884	1098.093742	1313.013813	915.0044058	0	1180.09198	1395.952266	1458.478866	1250.086287	684.6607555	1296.641214	0	0	1421.749871	682.9119391	945.3678139	1149.315186
1-Methyladenosine	8862.574192	10126.78908	5313.533189	7956.763978	7389.085951	7830.464188	5505.735252	3112.750313	7501.786692	5105.081428	8079.774391	4362.911645	5387.829143	6355.630233	6697.904175	11369.48059	7939.408668	4246.020982	7761.301906	4408.252278	6707.414861	8857.17177	4983.473617	6520.143238	9621.950681
2-octenoyl-L-carnitine	61673.75518	146553.8975	32432.03658	17006.68476	69668.65748	128223.1016	67841.64511	18722.13175	36641.15492	86535.37678	115365.0963	54620.66036	90646.27302	48120.27321	69744.8835	139140.5815	50920.7173	23620.68481	24721.68783	57894.54653	85137.24535	81046.40412	54399.39146	33735.58348	150261.1007
Octanoyl-L-carnitine	134715.1374	51852.32805	20970.82294	37456.40159	40939.73741	405780.7487	69728.93376	22413.12863	46271.49102	28027.65221	59225.32164	15919.66913	52221.63932	21601.27982	38480.25595	99539.85485	35322.53789	39001.62115	32900.57489	28679.96098	88681.21494	29950.64733	51191.73018	22545.83959	94442.03125
5'-Methylthioadenosine	0	0	998.0085862	0	0	4335.554526	0	0	0	0	0	0	0	0	0	2909.548748	0	0	0	0	0	2247.474306	747.8948013	0	0
Sphingosine	3840.90049	34757.2836	2868.580547	5611.094438	3676.159541	1781.963632	7516.911797	2593.41804	5560.585938	5432.363154	8962.334263	2619.948227	2891.518813	15330.03733	2520.76947	3049.105444	9342.594029	4639.965516	12666.57536	6315.409281	3780.757899	6218.809091	6138.300924	3651.19333	8069.972168
3-Hydroxydecanoyl carnitine	5824.400518	3839.105512	1511.663627	3164.022401	0	23420.96091	3361.220837	2540.693457	3346.331735	3234.643887	2279.997321	1384.023723	23934.63018	4671.868719	1656.01288	3187.571391	0	3171.082038	0	2436.699914	3445.595048	1292.489945	4447.797804	2491.817366	6101.947222
O-decenoyl-L-carnitine	103405.7151	35417.79247	20028.2612	32576.14436	31849.7662	280816.4255	50354.36796	12093.69617	30397.02966	12558.70012	58755.41386	16002.92912	29419.95213	11704.63398	25122.08034	76177.87145	22688.83779	31258.96251	26290.70046	21121.56314	82901.66904	23398.72606	46044.92005	22074.87416	83868.61393
Decanoylcarnitine	225971.6784	82737.62651	35240.69524	63568.91345	59382.06285	488953.5094	125196.7702	25596.61275	75079.04156	34565.03347	94902.73465	23260.36975	90192.52027	26293.25511	63562.63704	151265.5103	59297.64562	61993.23566	48979.61917	47193.16488	143788.8963	37097.84057	94884.84878	36204.65022	148003.5759
Undecanoyl-L-carnitine	5560.714515	5109.541198	1635.778668	3157.884676	2165.846124	3908.916355	952.3628071	0	1767.890011	0	2131.71429	1358.326467	2001.698572	964.8034037	0	3256.579983	2124.526134	1781.378121	2753.737142	3862.476574	1556.496257	4166.88885	3695.081626	1792.832948	3140.30717
Dodecanoyl-L-carnitine	50544.09152	28402.16926	16962.3087	34904.26406	16018.70135	143948.3688	37110.0014	9968.915984	53826.83643	10544.0662	33963.71132	6660.466425	57164.95579	15097.6999	18381.81294	27812.15218	19239.8957	17518.17301	16763.60649	13752.89024	37904.62891	9335.317609	32763.18952	10335.81415	38114.56638
AMP	0	9294.256725	0	0	0	3436.348487	0	0	0	0	0	0	7304.326746	14060.2641	0	0	6134.313516	0	15260.85408	3125.067142	3789.273464	0	0	0	3979.105627
L-Myristoylcarnitine	18427.08452	13898.92476	16685.80551	55542.0696	85103.62822	76310.43037	12386.13435	3260.779303	20911.37678	13155.9993	26147.49319	11393.39191	13327.20621	24924.96302	14744.77374	53457.72589	21549.22328	7137.224229	23074.0493	28615.00239	4892.876081	67232.19886	20318.1807	14307.05775	39918.9741
3-Hydroxydodecanoyl-L-carnitine	1563.100124	1717.009748	0	0	0	3456.265971	0	714.881676	0	0	0	0	3581.819482	1508.129447	0	0	0	868.8010784	0	668.1252563	1244.439274	0	1124.362256	0	1928.661333
Tetradecadienoyl-L-carnitine	37335.16625	14553.6658	6948.955557	22082.76984	13341.81773	110561.644	43923.70193	10813.27542	61009.23552	13514.50405	35018.39122	5519.321027	74637.00995	27354.1731	17199.69877	25519.01054	12152.83282	12837.96543	19188.34987	6983.381298	39113.6207	6262.147309	27212.85669	11748.51563	33421.01563
Tetradecenoyl-L-carnitine	48841.03721	21961.08332	7501.589097	32822.32189	19676.4646	97731.25186	63847.21435	11203.30499	82316.21416	15080.26909	42636.45692	6919.702668	88177.45229	26603.12292	23000.64859	39787.19955	16816.06704	17195.04658	21346.27439	10286.15437	48614.80362	8736.590062	25734.57462	12429.03634	36862.59965
Tetradecanoyl-L-carnitine	18595.06541	17361.6065	6823.363584	13481.56838	9682.172637	29134.50208	17919.52281	8838.891829	37757.48791	12058.96012	13288.10731	3931.597877	32687.49041	14031.06771	11716.3903	9841.651842	12460.1204	9006.994469	19185.88862	17775.3729	12399.90988	7177.40526	12659.92592	5626.725848	15368.78406
S-Adenosyl-L-homocysteine	0	1331.437355	1225.546881	0	0	842.8994409	0	0	0	0	1061.196891	0	0	0	0	0	0	0	0	824.3793996	717.9761284	0	0	0	1018.949145
3-Hydroxytetradecenoylcarnitine	1251.357494	3103.402502	923.1848706	0	1284.438014	4719.525532	1495.448637	0	1423.010139	1351.36639	3927.004018	911.1905277	3885.663949	2012.315037	0	1408.791086	1650.114746	1440.974186	2716.639096	4046.867336	1345.609046	0	2137.570048	1926.581756	5417.130957
3-Hydroxytetradecanolycarnitine	2477.483911	3244.377777	0	1805.068372	0	2062.686556	1407.233656	924.5421413	1730.415451	1557.454765	1337.41008	0	4226.325752	2178.847931	1075.633723	1453.982163	0	1230.892752	0	1087.815158	1626.939775	0	1667.022917	0	2222.12695
Hexadecenoyl-L-carnitine	15219.39578	7168.602101	0	9198.357145	7775.410614	23746.02865	23886.49448	9481.538221	42011.14479	22730.36983	15098.41136	3926.739011	33840.87563	29523.04251	14340.08709	12668.22658	10250.13539	6697.584453	14367.2653	11932.39165	14934.24039	5693.950967	10276.05532	5698.476739	14371.10135
Hexadecanoyl-L-carnitine	145117.4172	123016.0384	32837.8465	80072.27251	93547.19825	88403.17421	108145.987	65439.00755	230094.6925	78190.92053	89586.43884	48171.31	148393.128	108450.6288	75278.54827	113260.0786	109303.726	74026.78326	178522.8908	97530.66809	72804.60613	88710.05646	82486.98682	48325.58567	107826.6953
Decadienylcarnitine	79054.87064	60610.48692	25237.19044	67650.20287	63218.20686	76068.21727	77031.24421	64195.88495	179998.0461	135302.7087	105354.2495	42806.60383	126105.7865	102457.2416	69419.65313	180293.2759	110746.7155	82699.15213	252602.1082	171829.9955	59573.66772	59783.1834	115321.1674	39365.56187	132572.5781
Oleyl-L-carnitine	118906.2513	82584.0312	23655.95041	82937.57904	77368.95407	84485.1289	105548.0071	85164.93355	263831.8646	169607.2515	124848.817	52016.12814	200595.2794	174286.7719	104157.3816	229253.0914	155279.6313	86204.09276	306294.5772	177931.5545	79934.95508	71782.98874	118785.4068	47162.41895	129509.7969
Stearoyl-L-carnitine	49084.68655	48864.11588	10562.60938	26940.75596	29644.45943	15028.80504	25393.44426	23235.99615	53457.04988	25567.43839	27592.00105	17764.39751	46057.55257	22523.92456	22005.7053	29758.2343	26452.39227	22074.71778	47597.71081	28922.99722	23195.20697	30675.23417	22770.17182	12720.06349	25921.67578
Eicosadienoyl-L-carnitine	4562.350442	3430.046989	0	2901.734393	3813.69685	3424.576741	5865.668478	3959.935984	9697.589482	7118.350468	6185.742834	2618.495409	7670.895256	4010.435392	4952.945536	10249.9241	6701.073635	5077.992744	10080.98809	8519.77884	3309.47156	3882.002485	6032.488048	2256.234764	6807.770446
Eicosenoyl-L-carnitine	5185.017785	4287.095409	907.6382083	5171.098605	4750.809562	3776.825967	6552.960363	4622.789411	11776.27916	8957.064387	7552.07165	2209.018056	9879.093125	4083.433046	4200.398917	7909.780316	5442.636481	3058.02178	10182.10681	33032.81146	3953.985193	5139.252585	4713.959866	2689.2235	5929.580143
Icosanoylcarnitine	3309.136355	4349.655107	1580.697683	2928.234721	2094.0456	1616.763136	3968.536611	2631.171522	2856.07037	1977.152387	2205.360543	1428.758496	3570.096141	1234.813159	1633.388138	2396.291706	2450.306846	1876.698971	2361.581029	0	1544.340426	2585.348494	2017.954892	1389.689952	1927.664318
Glycocholate	1976.111061	4968.964513	5629.34885	15055.03622	1686.455834	0	3338.357932	3913.891275	3551.174166	11600.42822	14375.47627	3581.069078	0	7278.032882	2277.129765	3210.371408	12482.60667	2717.490196	7678.67253	0	2026.607653	2369.279662	1738.917911	7454.504758	3333.949069
Trimethylamine	0	0	0	0	0	1787.027497	0	1078.370265	0	0	0	0	0	0	0	1651.128648	1511.999591	0	0	0	0	0	1346.860364	0	0
Trimethylamine N-oxide	0	0	0	2511.837541	0	5276.296159	0	0	0	0	0	0	0	0	0	0	0	0	0	3589.235813	0	0	0	0	1061.982895
Adenine	0	0	0	0	0	1828.307172	0	0	0	0	0	0	0	2433.208465	0	0	0	0	2367.962792	0	0	0	0	0	0
Allantoin	0	0	0	0	0	2694.685305	3432.375111	4795.101451	3995.547168	5224.188264	0	0	4356.793668	4789.614323	5177.849117	3169.895326	3777.040219	0	5448.362551	2746.114748	0	0	0	0	0
Kynurenate	0	0	0	0	0	7890.791592	0	0	1118.170953	0	0	0	0	0	1027.90889	3441.014855	0	0	0	0	0	0	0	0	2357.605713
Spermine	0	10768.57081	3263.697515	5261.921164	0	2637.802544	0	18837.74731	18571.32745	22978.35643	0	0	39303.62309	63926.41039	27841.24391	0	0	0	3567.015454	2286.980657	0	0	0	0	0
Carnosine	0	0	0	0	0	3244.110018	0	0	0	0	0	0	0	0	0	0	0	0	0	0	0	0	0	0	0
Inosine	0	0	0	0	0	2926.671307	8792.663906	9677.71768	0	11300.04039	0	0	0	0	7659.389448	1924.808367	0	0	0	900.8092704	0	0	0	0	0
Fenpropimorph	23958.31482	65508.51455	0	0	0	44904.37818	0	26589.64373	0	0	0	0	0	24023.45933	24606.45308	0	0	0	0	0	0	0	48554.46279	56275.13307	0
Dodecenoyl-L-carnitine	0	0	0	0	0	52811.54642	0	0	0	0	0	0	0	0	0	0	0	0	0	0	0	0	0	0	0
Corticosterone	0	0	0	0	0	0	1500.16626	1345.190663	1955.134917	0	0	0	1395.478605	2106.75773	1326.973852	0	0	0	0	0	0	0	0	0	1264.173044
4-Guanidinobutanoic acid	0	0	1881.419348	0	0	0	0	1546.64946	1822.865691	0	3081.204794	3077.29406	0	0	0	0	0	0	0	0	0	0	0	0	0
Taurine	0	4112.387004	1728.735867	3427.583034	0	0	1894.256163	1959.533614	3278.137435	2985.366687	1754.202957	0	4185.685259	7346.924527	5452.937723	0	0	0	0	1650.829398	0	0	0	0	0
2'-Deoxyguanosine 5'-monophosphate	0	0	0	10216.8313	0	0	7000.909152	7097.83004	10480.43493	0	0	0	0	0	11895.31249	0	0	0	0	0	0	0	0	0	0
Picolinic acid	0	0	0	0	0	0	0	0	0	0	0	0	0	0	0	0	0	0	0	817.3472488	0	0	0	0	0
Deuteroporphyrin IX	0	0	0	0	0	0	0	0	0	0	0	0	0	0	0	0	0	0	2993.340136	0	0	0	826.8074753	0	0
3-Indolepropionic acid	0	0	0	0	0	0	0	0	2750.564566	0	0	0	3773.184857	0	0	0	0	0	12397.08264	0	0	2569.827629	2391.900659	0	0
N-Acetylputrescine	0	0	0	0	0	0	0	0	0	0	1907.874482	0	0	0	3478.17091	0	0	0	0	0	0	0	0	0	0
N-Acetylaspartylglutamic acid	0	0	0	0	0	0	0	0	0	0	0	0	1464.050471	977.7416801	0	0	0	0	0	0	0	0	0	0	0
Glycyrrhetinic acid	0	0	0	0	0	0	0	0	0	0	0	0	0	0	0	0	0	0	0	0	0	2052.592663	0	0	0
Methyl indole-3-acetate	0	0	0	0	0	0	0	0	0	0	0	0	0	0	0	6573.045455	0	0	0	0	0	0	0	0	0
Histamine	0	2248.211087	863.3645605	0	0	0	855.7562067	0	0	0	0	0	0	0	0	0	0	0	0	0	0	0	0	0	0
Normetanephrine	0	0	0	0	0	0	0	0	0	0	0	0	0	1962.330052	0	0	0	0	0	0	0	0	0	0	0
Pyruvic acid 	0	7894.192208	7552.621023	8018.374397	5660.228894	2279.259524	4829.09428	5003.067069	5934.493787	19144.18365	7103.397232	5804.992567	10846.55833	9969.821289	0	7285.253997	9014.827124	5990.742443	34312.6982	8575.321884	5595.508694	9027.91447	6543.765159	8227.423791	19198.35052
Lactate 	156271.773	245936.6653	161284.8084	206844.477	138899.0806	308319.5396	437847.5893	282414.0967	382199.8677	509711.6722	267694.3258	143584.9741	357925.7093	423016.4186	275007.3222	440252.0653	450017.7517	341856.3029	581982.1681	495835.6006	170063.4287	221998.9593	332977.1688	269476.8393	313431.5965
2-Hydroxybutyric acid 	15401.22299	25675.40178	18231.82061	22330.35528	15184.88979	50170.68757	31020.053	14695.27931	30680.04535	25629.83425	21961.09095	17950.8908	0	0	19383.06938	14468.06188	10775.46277	14960.04436	10564.47228	13300.00291	13470.77148	19947.10215	7598.251623	22779.33611	16590.95545
Levulinic acid 	4155.224602	5263.946707	3272.981302	4358.40253	3833.818426	3874.001784	4934.109284	2916.543287	4902.339674	2851.431902	4598.916793	3837.417577	3475.677247	3987.686035	1686.788628	3970.543806	2970.106952	3911.289139	4759.915187	2822.658249	3886.31504	5096.17371	2707.002876	3806.169596	3891.561562
Succinate 	2117.400738	2443.894587	1496.037123	1601.39497	2833.618059	4269.014396	2345.729592	1779.96456	1624.281641	4736.519684	2416.452986	926.2365389	3133.546302	11866.49967	2309.046583	1614.249733	2194.031064	1977.709043	3514.720769	2258.079476	1245.820474	1722.348407	1627.275286	1396.317715	1630.7899
2-Hydroxy-2-methylbutyric acid 	25504.8995	16850.76496	11573.97114	12081.31213	6358.36822	22111.0453	15557.56002	7407.633397	11349.94677	15525.07538	31680.61057	11907.80752	12646.78208	14504.07507	6390.098104	8871.848879	14479.1017	7321.278567	11846.29076	10953.96615	25712.42555	11925.81368	7425.055222	13306.80191	5178.064694
Pyrrolidonecarboxylic acid 	13238.93786	18271.3581	13002.62751	16604.92383	16610.545	17065.64744	20716.73245	29446.12827	25645.46307	53746.85768	25010.88158	11646.92789	29577.5603	38162.19922	20387.65353	28556.40176	27666.04275	21004.45113	43594.11209	40010.6295	14281.77661	14632.86479	20158.31143	10207.68385	21216.52013
Ketoleucine 	38360.13907	38981.81851	37411.43481	37333.78536	25013.54144	31635.10065	22425.39556	10226.32783	26595.73909	19250.53856	28820.05999	35435.13726	27541.69722	23158.18687	14295.33654	26707.30372	15540.58514	30569.90117	33588.94096	25581.80417	28071.16746	41559.37586	22425.08504	20285.08642	25957.55811
Malic Acid 	1441.78183	1528.435974	0	1485.370587	1193.141016	1631.95832	2179.45647	2139.336011	2283.968525	4445.113148	1534.264821	782.3252667	1769.581176	3371.857666	1091.482329	1815.560724	1583.97675	0	2728.33417	2817.207526	1204.003709	0	975.5830139	0	1516.121895
L-3-Phenyllactic acid	1711.419219	0	0	0	0	3731.853183	1203.657873	0	1475.138461	1867.796349	1161.51523	864.4326482	847.6882808	0	771.8610251	0	0	0	0	5882.178047	901.169871	4280.750037	1212.975404	0	0
Ascorbic Acid 	0	0	0	0	0	0	0	1013.474586	1720.768807	9649.675537	0	0	1262.242851	0	0	0	0	0	7845.389394	0	0	0	0	0	0
D-Mannose	4174.564048	6494.919011	4165.576744	6765.608634	3186.400466	6088.799632	7969.22267	1513.079502	0	0	4158.36226	2549.056784	3597.852875	2276.348145	2240.830661	2919.821616	0	2724.976039	0	0	2393.610132	4288.834622	1973.465566	3360.455437	3884.642813
Hydroxyphenyllactic acid 	2761.021029	3928.280014	3611.913628	2369.978472	0	12154.98407	1065.717388	911.9983232	2337.911034	2935.252305	2681.860857	2281.02957	2404.4336	2135.986656	1637.110952	4828.226755	2101.438333	0	2551.048057	3703.939851	3479.459715	2884.905901	2797.370394	2188.305232	2412.14881
Azelaic acid 	1857.966075	1905.679142	2941.762823	3750.049862	2377.223922	1296.512392	1984.321355	1093.290428	1601.791414	2061.350784	2187.752178	1300.823767	1899.798372	1494.78198	1480.400483	2001.837581	2821.617266	2135.788222	2763.233804	2208.317192	1233.27476	1644.701449	2530.52729	1771.031176	2250.048261
citric acid 	58302.06513	67035.35004	57548.10072	74450.61267	51101.06653	40521.40483	62079.95334	51997.17953	63295.95626	60857.38955	58690.51415	39805.38053	62620.98271	52644.36328	30764.34395	87736.8388	50525.97369	44931.07477	46604.43969	50697.76002	76517.5465	64365.69383	53618.70542	28026.10917	56544.24324
Indolelactic acid 	3032.068309	4337.320179	3133.752998	2330.716465	0	7337.629929	1442.923403	1323.887643	1132.242576	1806.375675	2621.250096	1593.892196	3047.56348	2044.684338	1935.229804	3737.319406	2167.716595	1869.116293	3084.112455	2471.630798	1758.080066	2977.690475	2706.043164	1598.810662	2817.440274
Pregnenolone sulfate 	950.3214215	0	0	0	0	5636.314731	2591.151181	1471.201744	2431.701337	0	0	0	1578.272899	1768.187348	0	0	0	0	2027.042626	0	0	0	619.222255	0	0
Cholic Acid 	0	1487.665081	0	0	3155.746353	0	0	0	0	1344.641741	0	0	0	0	0	0	0	0	0	0	1461.384874	0	0	0	6106.695987
Pyruvaldehyde 	0	0	0	0	0	848.5746369	0	0	0	0	0	0	0	0	0	0	0	0	0	0	0	0	0	0	0
Succinic acid semialdehyde 	0	0	0	0	0	1116.943466	0	576.8772187	0	0	0	0	0	0	0	0	0	0	0	0	0	0	0	0	0
2-Oxoglutarate 	0	0	0	0	0	1333.645561	0	1042.884	1540.110393	0	1658.429898	897.4137619	0	1601.653419	0	1996.037995	1485.10192	0	2240.844493	2159.578721	0	1326.434728	0	0	1823.379349
Pimelic acid	0	0	0	0	0	885.7506293	0	0	0	0	0	0	0	0	0	0	0	0	0	0	0	0	0	0	0
Galacturonic acid	0	0	0	0	0	2737.564841	0	0	0	0	0	0	0	0	0	0	0	0	0	0	0	0	0	0	0
Taurocholate 	0	0	0	1971.633665	0	1089.781115	0	0	0	0	2700.303084	0	0	2106.318359	0	3875.513455	1842.110585	0	0	0	0	0	0	0	0
2-Ethyl-2-Hydroxybutyric acid 	0	0	0	0	0	0	0	0	0	0	0	0	1490.13303	0	0	0	0	0	0	0	0	0	1082.708224	0	0
Ortho-Hydroxyphenylacetic acid 	0	0	0	0	0	0	0	1154.981642	0	0	0	0	0	0	0	0	0	0	0	0	0	0	0	0	0
Salicyluric acid 	0	0	0	0	0	0	0	4060.726176	0	2731.434092	7832.45122	2056.820952	2318.911571	4606.041992	0	3151.458228	0	5823.243766	2440.347424	4853.885773	0	4315.408186	7524.376323	2337.360729	0
inosine-5'-monophosphate	0	0	0	0	0	0	0	3994.634745	2647.46541	3634.499469	0	0	10710.12227	22401.05939	4721.558074	0	0	0	1652.84268	0	0	0	0	0	0
Uridine 	0	0	0	0	1501.444463	0	0	945.7105975	1092.929448	0	0	0	0	0	0	0	0	0	1515.414302	0	0	0	0	0	0
Acetoacetic acid	0	1122.196773	1481.283616	1145.88319	0	0	0	0	0	0	0	877.0067573	0	0	0	0	0	0	0	0	0	0	0	0	0
Itaconic acid 	0	0	0	0	0	0	0	0	0	0	0	1575.78031	0	0	0	0	0	0	0	0	0	0	0	0	0
Deoxycholic acid 	2048.713749	1807.596876	2997.757575	1254.138599	3912.386743	0	0	0	1409.992062	3395.504572	0	3177.140658	0	0	1860.018099	0	1470.990315	2143.342601	0	2323.27664	0	3834.126813	2704.285831	0	7639.21839
Sebacic acid 	0	0	0	1702.837023	0	0	0	0	0	0	0	0	1083.449779	0	0	0	0	0	0	0	0	0	0	0	0
Hydroxyoctanoic acid 	0	0	0	0	0	0	0	0	0	0	0	0	0	0	0	0	0	0	0	0	0	0	1076.432322	0	0
Glycerone phosphate 	820.5888748	0	0	0	0	0	0	0	0	0	0	0	0	0	0	0	871.8462921	0	0	0	0	0	0	0	0
3-Hydroxybutyric acid	0	0	0	0	0	0	0	0	0	0	0	0	80347.52907	56728.81574	0	0	0	0	0	0	0	0	0	0	0
Suberic acid 	0	0	0	0	0	0	0	0	0	0	0	0	765.1469272	0	0	0	0	0	0	0	0	0	0	0	0
Dodecanedioic acid 	0	0	0	0	0	0	0	0	0	0	0	0	1292.247045	0	0	0	0	0	0	0	0	0	0	0	0
N-Acetyl-L-methionine 	0	0	0	0	0	0	0	0	0	0	0	0	0	749.5846057	0	0	0	0	0	0	0	0	0	0	0
Bradykinin 	0	0	1031.264681	0	1567.254903	0	0	0	0	0	0	0	0	0	0	0	0	0	0	0	0	0	0	0	0
